(116, 116, (3, 3), (2, 2), (1, 1), (1, 1), 116, False, 'zeros')/(32, 116, 28, 28)
2.3 gflops => 6.7 gflops (2.89x)
(58, 58, (3, 3), (2, 2), (1, 1), (1, 1), 58, False, 'zeros')/(32, 58, 56, 56)
2.9 gflops => 7.6 gflops (2.66x)
(24, 24, (3, 3), (2, 2), (1, 1), (1, 1), 24, False, 'zeros')/(32, 24, 56, 56)
4.8 gflops => 7.9 gflops (1.64x)
(16, 16, (3, 3), (2, 2), (1, 1), (1, 1), 16, False, 'zeros')/(1, 16, 112, 112)
5.1 gflops => 10.2 gflops (2.01x)
(576, 1280, (1, 1), (1, 1), (0, 0), (1, 1), 1, True, 'zeros')/(1, 576, 1, 1)
15.0 gflops => 16.0 gflops (1.06x)
(72, 72, (3, 3), (2, 2), (1, 1), (1, 1), 72, False, 'zeros')/(1, 72, 56, 56)
5.0 gflops => 8.5 gflops (1.72x)
(232, 232, (3, 3), (2, 2), (1, 1), (1, 1), 232, False, 'zeros')/(32, 232, 14, 14)
4.4 gflops => 4.9 gflops (1.12x)
(144, 144, (3, 3), (2, 2), (1, 1), (1, 1), 144, False, 'zeros')/(32, 144, 56, 56)
3.2 gflops => 7.3 gflops (2.28x)
(576, 576, (3, 3), (2, 2), (1, 1), (1, 1), 576, False, 'zeros')/(32, 576, 14, 14)
4.4 gflops => 4.2 gflops (0.96x)
(48, 48, (3, 3), (2, 2), (1, 1), (1, 1), 48, False, 'zeros')/(32, 48, 112, 112)
3.9 gflops => 6.5 gflops (1.67x)
(192, 192, (3, 3), (2, 2), (1, 1), (1, 1), 192, False, 'zeros')/(32, 192, 28, 28)
3.9 gflops => 6.5 gflops (1.69x)
(96, 96, (3, 3), (2, 2), (1, 1), (1, 1), 96, False, 'zeros')/(32, 96, 112, 112)
2.2 gflops => 5.4 gflops (2.40x)
(288, 288, (5, 5), (2, 2), (2, 2), (1, 1), 288, False, 'zeros')/(1, 288, 14, 14)
6.5 gflops => 3.2 gflops (0.50x)
(58, 58, (3, 3), (1, 1), (1, 1), (1, 1), 58, False, 'zeros')/(32, 58, 28, 28)
7.7 gflops => 15.6 gflops (2.04x)
(116, 116, (3, 3), (1, 1), (1, 1), (1, 1), 116, False, 'zeros')/(32, 116, 14, 14)
7.5 gflops => 18.3 gflops (2.43x)
(96, 96, (5, 5), (2, 2), (2, 2), (1, 1), 96, False, 'zeros')/(1, 96, 28, 28)
8.2 gflops => 4.8 gflops (0.59x)
(88, 88, (3, 3), (1, 1), (1, 1), (1, 1), 88, False, 'zeros')/(1, 88, 28, 28)
10.2 gflops => 14.7 gflops (1.44x)
(1152, 1152, (3, 3), (1, 1), (1, 1), (1, 1), 1152, False, 'zeros')/(32, 1152, 7, 7)
12.4 gflops => 4.5 gflops (0.36x)
(128, 128, (3, 3), (1, 1), (1, 1), (1, 1), 32, False, 'zeros')/(32, 128, 56, 56)
11.6 gflops => 18.5 gflops (1.59x)
(576, 576, (5, 5), (1, 1), (2, 2), (1, 1), 576, False, 'zeros')/(1, 576, 7, 7)
12.8 gflops => 4.1 gflops (0.32x)
(480, 480, (3, 3), (1, 1), (1, 1), (1, 1), 480, False, 'zeros')/(32, 480, 14, 14)
12.7 gflops => 15.7 gflops (1.23x)
(240, 240, (5, 5), (2, 2), (2, 2), (1, 1), 240, False, 'zeros')/(32, 240, 28, 28)
13.1 gflops => 5.0 gflops (0.38x)
(232, 232, (3, 3), (1, 1), (1, 1), (1, 1), 232, False, 'zeros')/(32, 232, 7, 7)
14.7 gflops => 5.1 gflops (0.34x)
(120, 120, (5, 5), (1, 1), (2, 2), (1, 1), 120, False, 'zeros')/(1, 120, 14, 14)
11.3 gflops => 6.2 gflops (0.55x)
(576, 576, (5, 5), (2, 2), (2, 2), (1, 1), 576, False, 'zeros')/(32, 576, 14, 14)
12.7 gflops => 3.4 gflops (0.27x)
(72, 72, (5, 5), (2, 2), (2, 2), (1, 1), 72, False, 'zeros')/(32, 72, 56, 56)
11.4 gflops => 5.4 gflops (0.47x)
(72, 72, (3, 3), (1, 1), (1, 1), (1, 1), 72, False, 'zeros')/(32, 72, 56, 56)
9.1 gflops => 16.6 gflops (1.83x)
(144, 144, (3, 3), (1, 1), (1, 1), (1, 1), 144, False, 'zeros')/(32, 144, 56, 56)
4.8 gflops => 9.7 gflops (2.03x)
(576, 576, (3, 3), (1, 1), (1, 1), (1, 1), 576, False, 'zeros')/(32, 576, 14, 14)
10.1 gflops => 15.3 gflops (1.51x)
(32, 32, (3, 3), (1, 1), (1, 1), (1, 1), 32, False, 'zeros')/(32, 32, 112, 112)
5.1 gflops => 4.6 gflops (0.89x)
(960, 960, (3, 3), (1, 1), (1, 1), (1, 1), 960, False, 'zeros')/(32, 960, 7, 7)
12.7 gflops => 4.4 gflops (0.35x)
(144, 144, (5, 5), (1, 1), (2, 2), (1, 1), 144, False, 'zeros')/(1, 144, 14, 14)
13.2 gflops => 6.1 gflops (0.46x)
(384, 384, (3, 3), (1, 1), (1, 1), (1, 1), 384, False, 'zeros')/(32, 384, 14, 14)
13.4 gflops => 15.3 gflops (1.14x)
(192, 192, (3, 3), (1, 1), (1, 1), (1, 1), 192, False, 'zeros')/(32, 192, 28, 28)
12.6 gflops => 12.1 gflops (0.96x)
(256, 256, (3, 3), (2, 2), (1, 1), (1, 1), 32, False, 'zeros')/(32, 256, 56, 56)
19.6 gflops => 9.5 gflops (0.48x)
(8, 4, (3, 3), (1, 1), (1, 1), (1, 1), 1, True, 'zeros')/(64, 8, 64, 64)
17.0 gflops => 9.7 gflops (0.57x)
(64, 3, (7, 7), (1, 1), (3, 3), (1, 1), 1, False, 'zeros')/(17, 64, 128, 128)
18.9 gflops => 5.9 gflops (0.31x)
(240, 240, (5, 5), (1, 1), (2, 2), (1, 1), 240, False, 'zeros')/(1, 240, 14, 14)
19.7 gflops => 6.2 gflops (0.32x)
(256, 256, (3, 3), (1, 1), (1, 1), (1, 1), 32, False, 'zeros')/(32, 256, 28, 28)
36.6 gflops => 18.6 gflops (0.51x)
(480, 480, (5, 5), (1, 1), (2, 2), (1, 1), 480, False, 'zeros')/(32, 480, 14, 14)
31.6 gflops => 6.0 gflops (0.19x)
(4, 8, (3, 3), (1, 1), (1, 1), (1, 1), 1, True, 'zeros')/(64, 4, 64, 64)
47.7 gflops => 8.6 gflops (0.18x)
(16, 64, (1, 1), (1, 1), (0, 0), (1, 1), 1, True, 'zeros')/(32, 16, 55, 55)
34.0 gflops => 14.6 gflops (0.43x)
(120, 120, (5, 5), (1, 1), (2, 2), (1, 1), 120, False, 'zeros')/(32, 120, 28, 28)
25.8 gflops => 6.1 gflops (0.24x)
(16, 16, (1, 1), (1, 1), (0, 0), (1, 1), 1, False, 'zeros')/(1, 16, 56, 56)
30.3 gflops => 22.2 gflops (0.73x)
(64, 128, (1, 1), (1, 1), (0, 0), (1, 1), 1, False, 'zeros')/(32, 64, 56, 56)
41.6 gflops => 22.4 gflops (0.54x)
(1152, 1152, (5, 5), (1, 1), (2, 2), (1, 1), 1152, False, 'zeros')/(32, 1152, 7, 7)
30.9 gflops => 3.6 gflops (0.12x)
(32, 16, (1, 1), (1, 1), (0, 0), (1, 1), 1, False, 'zeros')/(32, 32, 112, 112)
16.1 gflops => 20.3 gflops (1.26x)
(512, 512, (3, 3), (2, 2), (1, 1), (1, 1), 32, False, 'zeros')/(32, 512, 28, 28)
30.4 gflops => 8.0 gflops (0.26x)
(96, 40, (1, 1), (1, 1), (0, 0), (1, 1), 1, False, 'zeros')/(1, 96, 14, 14)
34.6 gflops => 9.4 gflops (0.27x)
(128, 16, (1, 1), (1, 1), (0, 0), (1, 1), 1, True, 'zeros')/(32, 128, 55, 55)
19.2 gflops => 17.9 gflops (0.94x)
STATS [('speedup_count', 21), ('speedup_factor', 1.793487971407735), ('total', 50)]
